00
00
00
00
00
00
00
07
00
00
00
02
00
00
00
00
00
00
00
00
00
00
00
00
00
00
00
00
00
00
00
00
00
00
00
00
00
00
00
00
00
00
00
00
00
00
00
00
00
00
00
00
00
00
00
00
00
00
00
00
00
00
00
00
00
00
00
00
00
00
00
00
00
00
00
00
00
00
00
00
00
00
00
00
00
00
00
00
00
00
00
00
00
00
00
00
00
00
00
00
8C  //  LW $at 0x0004
01
00
04
8C  //  LW $v0 0x0008
02
00
08
00  //  DIVU $at $v0
22
00
1B
00  //  MFHI $v1
00
18
10
00  //  MFLO $a0
00
20
12
AC  //  SW $v1 0x000C
03
00
0C
AC  //  SW $a0 0x0010
04
00
10
00  //  JR $zero
00
00
08
00
00
00
00
00
00
00
00
00
00
00
00
00
00
00
00
00
00
00
00
00
00
00
00
00
00
00
00
00
00
00
00
00
00
00
00
00
00
00
00
00
00
00
00
00
00
00
00
00
00
00
00
00
00
00
00
00
00
00
00
00
00
00
00
00
00
00
00
