00
00
00
00
00
00
00
0C  // DATA FOR LOAD
00
00
00
00
00
00
00
00
00
00
00
00
00
00
00
00
00
00
00
00
00
00
00
00
00
00
00
00
00
00
00
00
00
00
00
00
00
00
00
00
00
00
00
00
00
00
00
00
00
00
00
00
00
00
00
00
00
00
00
00
00
00
00
00
00
00
00
00
00
00
00
00
00
00
00
00
00
00
00
00
00
00
00
00
00
00
00
00
00
00
00
00
8C  //LW $1 4($0) -> $1 = 0000000C
01
00
04
10  //BEQ $0 $0 0x6 -> Addr = 132
00
00
06
AC  //SW $1 8($0) -> mem[8] = 0C000000
01
00
08
AC  //SW $1 12($0) -> mem[12] = 0C000000 (Should not work)
01
00
0C
00
00
00
00
00
00
00
00
00
00
00
00
00
00
00
00
00
00
00
00
00
00
00
00
00
00
00
00
00
00
00
00
00
00
00
00
00
00
00
00
00
00
00
00
00
00
00
00
00
00
00
00
00
00
00
00
00
00
00
00
00
00
00
00
00
00
00
00
00
00
00
00
00
00
00
00
00
00
00
00
00
00
00
00